nodenumber,    x-coordinate,    y-coordinate,water-liquid-vof
         1, 2.000000000E-03, 9.159300712E-03, 9.899999946E-01
         2, 1.870272926E-03, 9.300000069E-03, 9.900000244E-01
         3, 1.846583162E-03, 9.337884263E-03, 9.900000244E-01
         4, 1.806474762E-03, 9.450000100E-03, 9.899999797E-01
         5, 1.768047164E-03, 9.600000117E-03, 9.900000095E-01
         6, 1.738985664E-03, 9.750000127E-03, 9.899999797E-01
         7, 1.715358585E-03, 9.900000135E-03, 9.900000244E-01
         8, 1.695165040E-03, 1.005000014E-02, 9.900000356E-01
         9, 1.692764816E-03, 1.006986379E-02, 9.899999797E-01
        10, 1.667433782E-03, 1.019999984E-02, 9.900000095E-01
        11, 1.642661230E-03, 1.034999985E-02, 9.899999797E-01
        12, 1.621518944E-03, 1.050000016E-02, 9.900000095E-01
        13, 1.603078836E-03, 1.065000016E-02, 9.900000393E-01
        14, 1.586597365E-03, 1.080000016E-02, 9.899999797E-01
        15, 1.571716747E-03, 1.095000016E-02, 9.899999946E-01
        16, 1.558272048E-03, 1.110000016E-02, 9.899999872E-01
        17, 1.546111512E-03, 1.125000016E-02, 9.900000244E-01
        18, 1.538817757E-03, 1.134814378E-02, 9.900000095E-01
        19, 1.532017292E-03, 1.139999994E-02, 9.899999835E-01
        20, 1.513787388E-03, 1.155000050E-02, 9.900000095E-01
        21, 1.497103814E-03, 1.170000015E-02, 9.900000095E-01
        22, 1.481619756E-03, 1.185000015E-02, 9.899999797E-01
        23, 1.467189738E-03, 1.200000015E-02, 9.900000095E-01
        24, 1.453774294E-03, 1.215000015E-02, 9.900000095E-01
        25, 1.441325201E-03, 1.230000014E-02, 9.900000095E-01
        26, 1.429775271E-03, 1.245000014E-02, 9.900000095E-01
        27, 1.419060519E-03, 1.260000013E-02, 9.900000393E-01
        28, 1.409107635E-03, 1.275000012E-02, 9.899999946E-01
        29, 1.399845732E-03, 1.290000012E-02, 9.900000244E-01
        30, 1.391136772E-03, 1.305000011E-02, 9.899999872E-01
        31, 1.384872918E-03, 1.316283147E-02, 9.900000095E-01
        32, 1.381333133E-03, 1.319999993E-02, 9.900000188E-01
        33, 1.367506893E-03, 1.334999970E-02, 9.899999723E-01
        34, 1.354394641E-03, 1.349999989E-02, 9.899999797E-01
        35, 1.341989723E-03, 1.365000008E-02, 9.900000393E-01
        36, 1.330263618E-03, 1.380000008E-02, 9.900000095E-01
        37, 1.319188211E-03, 1.394999965E-02, 9.899999797E-01
        38, 1.308728321E-03, 1.410000006E-02, 9.900000095E-01
        39, 1.298850673E-03, 1.425000005E-02, 9.900000393E-01
        40, 1.289514442E-03, 1.440000004E-02, 9.900000393E-01
        41, 1.280662544E-03, 1.455000003E-02, 9.899999797E-01
        42, 1.272213218E-03, 1.470000002E-02, 9.900000095E-01
        43, 1.264118003E-03, 1.485000001E-02, 9.899999797E-01
        44, 1.256364732E-03, 1.500000000E-02, 9.900000095E-01
        45, 1.248946386E-03, 1.514999999E-02, 9.899999946E-01
        46, 1.241846162E-03, 1.529999998E-02, 9.899999946E-01
        47, 1.235059886E-03, 1.544999997E-02, 9.899999965E-01
        48, 1.230930285E-03, 1.554493499E-02, 9.899999797E-01
        49, 1.227065140E-03, 1.559999993E-02, 9.900000338E-01
        50, 1.216888760E-03, 1.575000006E-02, 9.900000319E-01
        51, 1.207153717E-03, 1.589999946E-02, 9.900000095E-01
        52, 1.197854256E-03, 1.605000040E-02, 9.900000691E-01
        53, 1.188958922E-03, 1.619999991E-02, 9.900000095E-01
        54, 1.180451657E-03, 1.634999990E-02, 9.900000095E-01
        55, 1.172301811E-03, 1.650000038E-02, 9.900000393E-01
        56, 1.164460471E-03, 1.664999987E-02, 9.900000393E-01
        57, 1.156893933E-03, 1.680000036E-02, 9.900000691E-01
        58, 1.149584266E-03, 1.694999985E-02, 9.899999797E-01
        59, 1.142522537E-03, 1.709999983E-02, 9.899999797E-01
        60, 1.135696527E-03, 1.724999982E-02, 9.900000393E-01
        61, 1.129095281E-03, 1.739999981E-02, 9.900000095E-01
        62, 1.122703575E-03, 1.754999979E-02, 9.900000095E-01
        63, 1.116513159E-03, 1.769999978E-02, 9.899999797E-01
        64, 1.110521170E-03, 1.784999977E-02, 9.899999797E-01
        65, 1.104722305E-03, 1.799999975E-02, 9.900000244E-01
        66, 1.099116821E-03, 1.814999972E-02, 9.899999946E-01
        67, 1.093720528E-03, 1.829999969E-02, 9.900000319E-01
        68, 1.088531214E-03, 1.844999965E-02, 9.899999797E-01
        69, 1.083548330E-03, 1.859999962E-02, 9.900000021E-01
        70, 1.078775673E-03, 1.874999959E-02, 9.900000133E-01
        71, 1.076991150E-03, 1.880822080E-02, 9.900000095E-01
        72, 1.072660419E-03, 1.889999991E-02, 9.900000002E-01
        73, 1.065880512E-03, 1.904999895E-02, 9.900000021E-01
        74, 1.059397069E-03, 1.919999906E-02, 9.899999723E-01
        75, 1.053198006E-03, 1.934999917E-02, 9.899999946E-01
        76, 1.047263305E-03, 1.949999971E-02, 9.900000095E-01
        77, 1.041579726E-03, 1.964999939E-02, 9.900000244E-01
        78, 1.036133138E-03, 1.979999877E-02, 9.899999797E-01
        79, 1.030899595E-03, 1.994999992E-02, 9.900000691E-01
        80, 1.025879281E-03, 2.009999929E-02, 9.899999797E-01
        81, 1.021041592E-03, 2.024999865E-02, 9.899999797E-01
        82, 1.016381648E-03, 2.039999923E-02, 9.899999797E-01
        83, 1.011879838E-03, 2.054999919E-02, 9.900000095E-01
        84, 1.007531676E-03, 2.069999916E-02, 9.900000095E-01
        85, 1.003330104E-03, 2.084999913E-02, 9.900000393E-01
        86, 9.992570271E-04, 2.099999910E-02, 9.899999797E-01
        87, 9.953087568E-04, 2.114999906E-02, 9.899999797E-01
        88, 9.914760155E-04, 2.129999903E-02, 9.899999797E-01
        89, 9.877453510E-04, 2.144999900E-02, 9.900000095E-01
        90, 9.841057517E-04, 2.159999897E-02, 9.899999797E-01
        91, 9.805392321E-04, 2.174999894E-02, 9.900000393E-01
        92, 9.770449021E-04, 2.189999890E-02, 9.899999797E-01
        93, 9.736046753E-04, 2.204999887E-02, 9.900000095E-01
        94, 9.702182857E-04, 2.219999884E-02, 9.900000393E-01
        95, 9.668763826E-04, 2.234999881E-02, 9.900000393E-01
        96, 9.635867841E-04, 2.249999878E-02, 9.899999797E-01
        97, 9.603354231E-04, 2.264999874E-02, 9.900000393E-01
        98, 9.571287047E-04, 2.279999871E-02, 9.900000244E-01
        99, 9.539559751E-04, 2.294999868E-02, 9.899999946E-01
       100, 9.508197670E-04, 2.309999865E-02, 9.899999946E-01
       101, 9.477168228E-04, 2.324999862E-02, 9.899999797E-01
       102, 9.446415084E-04, 2.339999859E-02, 9.899999797E-01
       103, 9.415871066E-04, 2.354999855E-02, 9.900000095E-01
       104, 9.385544893E-04, 2.369999852E-02, 9.899999872E-01
       105, 9.355398575E-04, 2.384999849E-02, 9.899999946E-01
       106, 9.325384670E-04, 2.399999846E-02, 9.900000170E-01
       107, 9.295521439E-04, 2.414999843E-02, 9.900000393E-01
       108, 9.265764469E-04, 2.429999840E-02, 9.900000263E-01
       109, 9.236097427E-04, 2.444999837E-02, 9.900000177E-01
       110, 9.230615622E-04, 2.447775910E-02, 9.899999946E-01
       111, 9.194901129E-04, 2.459999856E-02, 9.900000133E-01
       112, 9.151313476E-04, 2.474999839E-02, 9.900000319E-01
       113, 9.108071059E-04, 2.489999771E-02, 9.899999648E-01
       114, 9.065009144E-04, 2.504999824E-02, 9.900000170E-01
       115, 9.022308006E-04, 2.519999896E-02, 9.900000691E-01
       116, 8.979852975E-04, 2.534999818E-02, 9.900000244E-01
       117, 8.937730652E-04, 2.549999852E-02, 9.900000393E-01
       118, 8.895920621E-04, 2.564999773E-02, 9.899999797E-01
       119, 8.854391589E-04, 2.579999885E-02, 9.900000691E-01
       120, 8.813154706E-04, 2.594999805E-02, 9.899999797E-01
       121, 8.772265742E-04, 2.609999802E-02, 9.899999797E-01
       122, 8.731695744E-04, 2.624999799E-02, 9.900000095E-01
       123, 8.691397363E-04, 2.639999796E-02, 9.900000393E-01
       124, 8.651369407E-04, 2.654999793E-02, 9.900000095E-01
       125, 8.611725799E-04, 2.669999710E-02, 9.899999797E-01
       126, 8.572346558E-04, 2.684999786E-02, 9.899999797E-01
       127, 8.533289817E-04, 2.699999783E-02, 9.899999797E-01
       128, 8.494495472E-04, 2.714999699E-02, 9.899999499E-01
       129, 8.456083501E-04, 2.729999777E-02, 9.900000095E-01
       130, 8.417898046E-04, 2.744999774E-02, 9.899999797E-01
       131, 8.380027336E-04, 2.759999771E-02, 9.900000095E-01
       132, 8.342456599E-04, 2.774999768E-02, 9.900000393E-01
       133, 8.305222171E-04, 2.789999765E-02, 9.900000095E-01
       134, 8.268226418E-04, 2.804999762E-02, 9.900000393E-01
       135, 8.231498704E-04, 2.819999758E-02, 9.899999797E-01
       136, 8.195086286E-04, 2.834999755E-02, 9.900000095E-01
       137, 8.158940530E-04, 2.849999752E-02, 9.899999797E-01
       138, 8.123046203E-04, 2.864999749E-02, 9.900000095E-01
       139, 8.087380824E-04, 2.879999746E-02, 9.900000095E-01
       140, 8.051901357E-04, 2.894999743E-02, 9.900000244E-01
       141, 8.016670565E-04, 2.909999740E-02, 9.900000244E-01
       142, 7.981590724E-04, 2.924999737E-02, 9.900000095E-01
       143, 7.946577960E-04, 2.939999734E-02, 9.899999946E-01
       144, 7.911938028E-04, 2.954999731E-02, 9.900000244E-01
       145, 7.877395640E-04, 2.969999728E-02, 9.900000021E-01
       146, 7.843933940E-04, 2.984999760E-02, 9.900000393E-01
       147, 7.827986232E-04, 3.000000000E-02, 9.899999946E-01
