nodenumber,    x-coordinate,    y-coordinate,water-liquid-vof
         1, 2.000000000E-03, 9.177273721E-03, 9.899999797E-01
         2, 1.884817422E-03, 9.300000061E-03, 9.900000393E-01
         3, 1.846583246E-03, 9.359162387E-03, 9.900000095E-01
         4, 1.813465706E-03, 9.449999955E-03, 9.899999797E-01
         5, 1.773352205E-03, 9.599999828E-03, 9.899999499E-01
         6, 1.742749179E-03, 9.750000126E-03, 9.900000095E-01
         7, 1.717718638E-03, 9.900000134E-03, 9.900000244E-01
         8, 1.696409613E-03, 1.005000014E-02, 9.900000244E-01
         9, 1.692764852E-03, 1.007883670E-02, 9.900000244E-01
        10, 1.668961276E-03, 1.020000030E-02, 9.900000244E-01
        11, 1.643805987E-03, 1.035000046E-02, 9.900000393E-01
        12, 1.622160942E-03, 1.049999985E-02, 9.899999797E-01
        13, 1.603010409E-03, 1.065000016E-02, 9.900000393E-01
        14, 1.585794828E-03, 1.080000016E-02, 9.900000393E-01
        15, 1.570315605E-03, 1.095000016E-02, 9.900000244E-01
        16, 1.556374260E-03, 1.110000016E-02, 9.900000095E-01
        17, 1.543787588E-03, 1.125000016E-02, 9.899999946E-01
        18, 1.538817668E-03, 1.131413443E-02, 9.900000095E-01
        19, 1.527431785E-03, 1.140000016E-02, 9.900000244E-01
        20, 1.508892762E-03, 1.154999981E-02, 9.900000095E-01
        21, 1.491640907E-03, 1.169999981E-02, 9.899999499E-01
        22, 1.475629489E-03, 1.185000051E-02, 9.900000095E-01
        23, 1.460804255E-03, 1.200000015E-02, 9.900000095E-01
        24, 1.447085278E-03, 1.215000015E-02, 9.900000393E-01
        25, 1.434390757E-03, 1.230000014E-02, 9.899999797E-01
        26, 1.422625956E-03, 1.245000014E-02, 9.900000244E-01
        27, 1.411672456E-03, 1.260000013E-02, 9.899999797E-01
        28, 1.401355347E-03, 1.275000013E-02, 9.900000244E-01
        29, 1.391560625E-03, 1.290000012E-02, 9.900000133E-01
        30, 1.384872260E-03, 1.300729120E-02, 9.899999797E-01
        31, 1.380462161E-03, 1.305000043E-02, 9.900000375E-01
        32, 1.365573144E-03, 1.320000011E-02, 9.900000244E-01
        33, 1.351530328E-03, 1.334999970E-02, 9.900000095E-01
        34, 1.338293490E-03, 1.350000050E-02, 9.900000095E-01
        35, 1.325817401E-03, 1.365000049E-02, 9.900000691E-01
        36, 1.314049067E-03, 1.380000008E-02, 9.900000095E-01
        37, 1.302931578E-03, 1.395000007E-02, 9.900000095E-01
        38, 1.292355580E-03, 1.410000006E-02, 9.900000393E-01
        39, 1.282238560E-03, 1.425000005E-02, 9.899999797E-01
        40, 1.272562230E-03, 1.440000004E-02, 9.900000095E-01
        41, 1.263312459E-03, 1.455000003E-02, 9.900000393E-01
        42, 1.254471021E-03, 1.470000002E-02, 9.900000095E-01
        43, 1.246023796E-03, 1.485000001E-02, 9.900000095E-01
        44, 1.237963626E-03, 1.500000000E-02, 9.900000021E-01
        45, 1.230928675E-03, 1.513681790E-02, 9.900000393E-01
        46, 1.229878011E-03, 1.515000027E-02, 9.900000165E-01
        47, 1.218289831E-03, 1.530000021E-02, 9.900000393E-01
        48, 1.207228097E-03, 1.545000020E-02, 9.900000095E-01
        49, 1.196656829E-03, 1.559999972E-02, 9.900000095E-01
        50, 1.186517940E-03, 1.574999994E-02, 9.900000393E-01
        51, 1.176759010E-03, 1.589999946E-02, 9.899999797E-01
        52, 1.167360019E-03, 1.604999992E-02, 9.900000095E-01
        53, 1.158305435E-03, 1.619999991E-02, 9.899999797E-01
        54, 1.149583528E-03, 1.634999989E-02, 9.900000095E-01
        55, 1.141183111E-03, 1.649999988E-02, 9.900000095E-01
        56, 1.133094815E-03, 1.664999987E-02, 9.900000095E-01
        57, 1.125307776E-03, 1.679999986E-02, 9.900000393E-01
        58, 1.117808468E-03, 1.694999984E-02, 9.900000095E-01
        59, 1.110581988E-03, 1.709999983E-02, 9.899999946E-01
        60, 1.103612453E-03, 1.724999981E-02, 9.900000244E-01
        61, 1.096891044E-03, 1.739999980E-02, 9.899999946E-01
        62, 1.090389497E-03, 1.754999979E-02, 9.900000244E-01
        63, 1.084101088E-03, 1.769999977E-02, 9.900000133E-01
        64, 1.077997443E-03, 1.784999976E-02, 9.900000007E-01
        65, 1.076987448E-03, 1.787527425E-02, 9.900000244E-01
        66, 1.069620341E-03, 1.799999934E-02, 9.899999760E-01
        67, 1.060990299E-03, 1.814999971E-02, 9.900000095E-01
        68, 1.052625477E-03, 1.829999913E-02, 9.900000095E-01
        69, 1.044557865E-03, 1.845000019E-02, 9.900000542E-01
        70, 1.036783314E-03, 1.859999961E-02, 9.900000095E-01
        71, 1.029324189E-03, 1.874999902E-02, 9.899999797E-01
        72, 1.022187022E-03, 1.889999954E-02, 9.899999797E-01
        73, 1.015356800E-03, 1.904999951E-02, 9.899999797E-01
        74, 1.008826285E-03, 1.919999890E-02, 9.899999499E-01
        75, 1.002579389E-03, 1.934999944E-02, 9.899999797E-01
        76, 9.966020734E-04, 1.949999941E-02, 9.899999797E-01
        77, 9.908641205E-04, 1.964999938E-02, 9.900000393E-01
        78, 9.853565376E-04, 1.979999934E-02, 9.900000095E-01
        79, 9.800495294E-04, 1.994999931E-02, 9.900000095E-01
        80, 9.749254040E-04, 2.009999928E-02, 9.900000095E-01
        81, 9.699668734E-04, 2.024999925E-02, 9.899999797E-01
        82, 9.651592648E-04, 2.039999921E-02, 9.899999797E-01
        83, 9.604923190E-04, 2.054999918E-02, 9.900000095E-01
        84, 9.559409849E-04, 2.069999915E-02, 9.899999946E-01
        85, 9.515031153E-04, 2.084999912E-02, 9.900000393E-01
        86, 9.471624956E-04, 2.099999909E-02, 9.900000244E-01
        87, 9.429110692E-04, 2.114999905E-02, 9.900000244E-01
        88, 9.387423576E-04, 2.129999902E-02, 9.900000319E-01
        89, 9.346446794E-04, 2.144999899E-02, 9.900000244E-01
        90, 9.306124739E-04, 2.159999896E-02, 9.900000170E-01
        91, 9.266340320E-04, 2.174999893E-02, 9.899999835E-01
        92, 9.230512757E-04, 2.188687048E-02, 9.900000319E-01
        93, 9.225567600E-04, 2.189999832E-02, 9.899999672E-01
        94, 9.169767886E-04, 2.204999837E-02, 9.899999648E-01
        95, 9.114597049E-04, 2.219999850E-02, 9.899999797E-01
        96, 9.059932477E-04, 2.234999946E-02, 9.900000468E-01
        97, 9.005858444E-04, 2.249999843E-02, 9.900000095E-01
        98, 8.952180344E-04, 2.264999840E-02, 9.899999797E-01
        99, 8.899009575E-04, 2.279999938E-02, 9.900000393E-01
       100, 8.846378600E-04, 2.294999833E-02, 9.899999946E-01
       101, 8.794158768E-04, 2.309999795E-02, 9.900000095E-01
       102, 8.742386347E-04, 2.324999861E-02, 9.900000095E-01
       103, 8.690982766E-04, 2.339999857E-02, 9.900000095E-01
       104, 8.640091541E-04, 2.354999925E-02, 9.900000095E-01
       105, 8.589564247E-04, 2.369999851E-02, 9.899999797E-01
       106, 8.539501638E-04, 2.384999777E-02, 9.899999797E-01
       107, 8.489875590E-04, 2.399999773E-02, 9.900000095E-01
       108, 8.440681514E-04, 2.414999842E-02, 9.900000095E-01
       109, 8.391819757E-04, 2.429999839E-02, 9.900000393E-01
       110, 8.343392496E-04, 2.444999835E-02, 9.900000393E-01
       111, 8.295281632E-04, 2.459999832E-02, 9.900000095E-01
       112, 8.247628021E-04, 2.474999829E-02, 9.900000095E-01
       113, 8.200295120E-04, 2.489999826E-02, 9.900000393E-01
       114, 8.153303117E-04, 2.504999823E-02, 9.900000095E-01
       115, 8.106643295E-04, 2.519999820E-02, 9.899999797E-01
       116, 8.060340521E-04, 2.534999817E-02, 9.900000244E-01
       117, 8.014365707E-04, 2.549999814E-02, 9.900000244E-01
       118, 7.968655628E-04, 2.564999810E-02, 9.899999797E-01
       119, 7.923313150E-04, 2.579999807E-02, 9.900000095E-01
       120, 7.878175302E-04, 2.594999804E-02, 9.900000021E-01
       121, 7.833407900E-04, 2.609999801E-02, 9.900000021E-01
       122, 7.788793558E-04, 2.624999798E-02, 9.900000021E-01
       123, 7.744462946E-04, 2.639999795E-02, 9.900000133E-01
       124, 7.700308426E-04, 2.654999792E-02, 9.900000072E-01
       125, 7.691178277E-04, 2.658120481E-02, 9.900000244E-01
       126, 7.641046733E-04, 2.669999739E-02, 9.899999835E-01
       127, 7.578332105E-04, 2.684999846E-02, 9.900000542E-01
       128, 7.516282458E-04, 2.699999823E-02, 9.900000095E-01
       129, 7.454736358E-04, 2.714999860E-02, 9.900000244E-01
       130, 7.393984647E-04, 2.729999858E-02, 9.900000244E-01
       131, 7.333720746E-04, 2.744999773E-02, 9.900000095E-01
       132, 7.274170208E-04, 2.759999688E-02, 9.899999797E-01
       133, 7.215236497E-04, 2.774999767E-02, 9.900000095E-01
       134, 7.156874468E-04, 2.789999681E-02, 9.900000095E-01
       135, 7.099130000E-04, 2.804999845E-02, 9.900000691E-01
       136, 7.042060171E-04, 2.819999842E-02, 9.900000393E-01
       137, 6.985575237E-04, 2.834999839E-02, 9.900000393E-01
       138, 6.929549483E-04, 2.849999837E-02, 9.900000393E-01
       139, 6.874040445E-04, 2.864999749E-02, 9.899999797E-01
       140, 6.818971224E-04, 2.879999746E-02, 9.900000095E-01
       141, 6.764418627E-04, 2.894999743E-02, 9.900000095E-01
       142, 6.710273272E-04, 2.909999740E-02, 9.900000393E-01
       143, 6.656550025E-04, 2.924999737E-02, 9.900000095E-01
       144, 6.603019204E-04, 2.939999734E-02, 9.900000095E-01
       145, 6.550345905E-04, 2.954999731E-02, 9.900000095E-01
       146, 6.499081712E-04, 2.969999728E-02, 9.900000095E-01
       147, 6.451427368E-04, 2.984999760E-02, 9.899999946E-01
       148, 6.429329914E-04, 3.000000000E-02, 9.900000393E-01
