nodenumber,    x-coordinate,    y-coordinate,water-liquid-vof
         1, 2.000000000E-03, 9.159596917E-03, 9.900000319E-01
         2, 1.870540325E-03, 9.300000069E-03, 9.900000095E-01
         3, 1.846583164E-03, 9.338299826E-03, 9.900000393E-01
         4, 1.806620751E-03, 9.450000100E-03, 9.900000095E-01
         5, 1.768170260E-03, 9.600000116E-03, 9.900000095E-01
         6, 1.739088955E-03, 9.750000127E-03, 9.899999797E-01
         7, 1.715446593E-03, 9.900000135E-03, 9.900000244E-01
         8, 1.695243467E-03, 1.005000014E-02, 9.900000319E-01
         9, 1.692764819E-03, 1.007050285E-02, 9.899999946E-01
        10, 1.667564388E-03, 1.020000015E-02, 9.899999946E-01
        11, 1.642790175E-03, 1.034999985E-02, 9.900000095E-01
        12, 1.621647641E-03, 1.049999985E-02, 9.899999499E-01
        13, 1.603213158E-03, 1.065000016E-02, 9.900000393E-01
        14, 1.586739138E-03, 1.080000016E-02, 9.900000095E-01
        15, 1.571866779E-03, 1.095000016E-02, 9.900000244E-01
        16, 1.558427338E-03, 1.110000016E-02, 9.900000095E-01
        17, 1.546272509E-03, 1.125000016E-02, 9.900000095E-01
        18, 1.538817766E-03, 1.135038704E-02, 9.899999797E-01
        19, 1.532313031E-03, 1.140000045E-02, 9.900000431E-01
        20, 1.514078780E-03, 1.154999981E-02, 9.899999797E-01
        21, 1.497401492E-03, 1.170000015E-02, 9.900000095E-01
        22, 1.481925041E-03, 1.185000015E-02, 9.899999797E-01
        23, 1.467500295E-03, 1.199999979E-02, 9.900000095E-01
        24, 1.454090104E-03, 1.215000015E-02, 9.900000095E-01
        25, 1.441644048E-03, 1.230000014E-02, 9.900000095E-01
        26, 1.430096495E-03, 1.245000014E-02, 9.900000095E-01
        27, 1.419381615E-03, 1.260000013E-02, 9.900000095E-01
        28, 1.409431759E-03, 1.275000012E-02, 9.900000393E-01
        29, 1.400174729E-03, 1.290000012E-02, 9.900000021E-01
        30, 1.391474551E-03, 1.305000011E-02, 9.900000170E-01
        31, 1.384872943E-03, 1.316917629E-02, 9.900000095E-01
        32, 1.381940801E-03, 1.320000040E-02, 9.900000468E-01
        33, 1.368116986E-03, 1.334999990E-02, 9.900000095E-01
        34, 1.355007753E-03, 1.350000009E-02, 9.899999946E-01
        35, 1.342600357E-03, 1.365000008E-02, 9.900000095E-01
        36, 1.330870976E-03, 1.380000049E-02, 9.900000095E-01
        37, 1.319792285E-03, 1.395000007E-02, 9.900000393E-01
        38, 1.309330880E-03, 1.410000048E-02, 9.900000393E-01
        39, 1.299447653E-03, 1.425000005E-02, 9.899999797E-01
        40, 1.290105430E-03, 1.440000004E-02, 9.900000095E-01
        41, 1.281260515E-03, 1.455000003E-02, 9.899999797E-01
        42, 1.272819401E-03, 1.470000002E-02, 9.899999797E-01
        43, 1.264731436E-03, 1.485000001E-02, 9.900000393E-01
        44, 1.256982964E-03, 1.500000000E-02, 9.900000095E-01
        45, 1.249568582E-03, 1.514999999E-02, 9.900000319E-01
        46, 1.242475571E-03, 1.529999998E-02, 9.900000021E-01
        47, 1.235694929E-03, 1.544999997E-02, 9.899999984E-01
        48, 1.230930344E-03, 1.555979286E-02, 9.900000393E-01
        49, 1.228111211E-03, 1.560000039E-02, 9.900000375E-01
        50, 1.217925574E-03, 1.575000030E-02, 9.900000319E-01
        51, 1.208192554E-03, 1.590000017E-02, 9.900000095E-01
        52, 1.198882378E-03, 1.604999992E-02, 9.900000393E-01
        53, 1.189981148E-03, 1.619999991E-02, 9.899999797E-01
        54, 1.181468946E-03, 1.634999990E-02, 9.900000095E-01
        55, 1.173315260E-03, 1.649999989E-02, 9.900000095E-01
        56, 1.165475132E-03, 1.664999938E-02, 9.899999797E-01
        57, 1.157912012E-03, 1.679999936E-02, 9.899999499E-01
        58, 1.150606345E-03, 1.694999985E-02, 9.899999797E-01
        59, 1.143541285E-03, 1.709999983E-02, 9.899999797E-01
        60, 1.136712936E-03, 1.724999982E-02, 9.900000095E-01
        61, 1.130102614E-03, 1.739999981E-02, 9.899999797E-01
        62, 1.123708100E-03, 1.754999979E-02, 9.900000095E-01
        63, 1.117515399E-03, 1.769999978E-02, 9.900000393E-01
        64, 1.111515528E-03, 1.784999977E-02, 9.900000244E-01
        65, 1.105705395E-03, 1.799999975E-02, 9.899999797E-01
        66, 1.100090734E-03, 1.814999972E-02, 9.899999797E-01
        67, 1.094684173E-03, 1.829999969E-02, 9.900000244E-01
        68, 1.089482590E-03, 1.844999965E-02, 9.900000244E-01
        69, 1.084489282E-03, 1.859999962E-02, 9.899999872E-01
        70, 1.079703925E-03, 1.874999959E-02, 9.900000300E-01
        71, 1.076991270E-03, 1.883856459E-02, 9.899999797E-01
        72, 1.074089198E-03, 1.889999913E-02, 9.899999686E-01
        73, 1.067272879E-03, 1.904999909E-02, 9.899999723E-01
        74, 1.060770638E-03, 1.919999949E-02, 9.900000095E-01
        75, 1.054548376E-03, 1.934999917E-02, 9.900000095E-01
        76, 1.048593776E-03, 1.949999942E-02, 9.899999946E-01
        77, 1.042881012E-03, 1.964999939E-02, 9.899999797E-01
        78, 1.037411630E-03, 1.979999936E-02, 9.900000393E-01
        79, 1.032163955E-03, 1.994999932E-02, 9.899999797E-01
        80, 1.027116663E-03, 2.009999929E-02, 9.900000095E-01
        81, 1.022260511E-03, 2.024999986E-02, 9.900000393E-01
        82, 1.017575085E-03, 2.039999862E-02, 9.899999797E-01
        83, 1.013051013E-03, 2.054999858E-02, 9.899999499E-01
        84, 1.008683966E-03, 2.069999916E-02, 9.900000095E-01
        85, 1.004457315E-03, 2.084999975E-02, 9.900000095E-01
        86, 1.000363996E-03, 2.099999847E-02, 9.899999797E-01
        87, 9.963955746E-04, 2.114999906E-02, 9.900000095E-01
        88, 9.925392779E-04, 2.129999903E-02, 9.899999797E-01
        89, 9.887896276E-04, 2.144999900E-02, 9.899999797E-01
        90, 9.851285650E-04, 2.159999897E-02, 9.900000095E-01
        91, 9.815466477E-04, 2.174999894E-02, 9.900000393E-01
        92, 9.780310747E-04, 2.189999890E-02, 9.900000095E-01
        93, 9.745743673E-04, 2.204999887E-02, 9.899999797E-01
        94, 9.711695885E-04, 2.219999884E-02, 9.900000095E-01
        95, 9.678162793E-04, 2.234999881E-02, 9.899999797E-01
        96, 9.645108426E-04, 2.249999878E-02, 9.900000095E-01
        97, 9.612463963E-04, 2.264999874E-02, 9.900000095E-01
        98, 9.580254821E-04, 2.279999871E-02, 9.900000244E-01
        99, 9.548360517E-04, 2.294999868E-02, 9.900000244E-01
       100, 9.516891992E-04, 2.309999865E-02, 9.900000095E-01
       101, 9.485729035E-04, 2.324999862E-02, 9.899999797E-01
       102, 9.454861555E-04, 2.339999859E-02, 9.900000095E-01
       103, 9.424169800E-04, 2.354999855E-02, 9.899999872E-01
       104, 9.393774621E-04, 2.369999852E-02, 9.899999946E-01
       105, 9.363477629E-04, 2.384999849E-02, 9.900000244E-01
       106, 9.333358655E-04, 2.399999846E-02, 9.899999946E-01
       107, 9.303363011E-04, 2.414999843E-02, 9.899999797E-01
       108, 9.273511434E-04, 2.429999840E-02, 9.900000207E-01
       109, 9.243729230E-04, 2.444999837E-02, 9.899999807E-01
       110, 9.230617152E-04, 2.451630933E-02, 9.900000095E-01
       111, 9.206087620E-04, 2.459999765E-02, 9.899999686E-01
       112, 9.162245916E-04, 2.474999849E-02, 9.900000133E-01
       113, 9.118728859E-04, 2.489999901E-02, 9.900000319E-01
       114, 9.075530975E-04, 2.504999843E-02, 9.900000095E-01
       115, 9.032534442E-04, 2.519999821E-02, 9.899999946E-01
       116, 8.989843397E-04, 2.534999893E-02, 9.900000393E-01
       117, 8.947499996E-04, 2.549999890E-02, 9.900000542E-01
       118, 8.905526673E-04, 2.564999735E-02, 9.899999797E-01
       119, 8.863793974E-04, 2.579999770E-02, 9.899999648E-01
       120, 8.822354640E-04, 2.594999805E-02, 9.899999797E-01
       121, 8.781224294E-04, 2.609999880E-02, 9.900000393E-01
       122, 8.740444068E-04, 2.624999721E-02, 9.899999499E-01
       123, 8.699962025E-04, 2.639999796E-02, 9.900000393E-01
       124, 8.659774448E-04, 2.654999713E-02, 9.899999797E-01
       125, 8.619886888E-04, 2.669999869E-02, 9.900000393E-01
       126, 8.580299805E-04, 2.684999786E-02, 9.900000393E-01
       127, 8.541023889E-04, 2.699999864E-02, 9.900000095E-01
       128, 8.502025326E-04, 2.714999699E-02, 9.899999797E-01
       129, 8.463311135E-04, 2.729999696E-02, 9.899999797E-01
       130, 8.424853466E-04, 2.744999774E-02, 9.900000095E-01
       131, 8.386723344E-04, 2.759999771E-02, 9.900000095E-01
       132, 8.348857957E-04, 2.774999768E-02, 9.900000393E-01
       133, 8.311211424E-04, 2.789999765E-02, 9.900000393E-01
       134, 8.273932675E-04, 2.804999762E-02, 9.900000095E-01
       135, 8.236772116E-04, 2.819999758E-02, 9.900000095E-01
       136, 8.199893911E-04, 2.834999755E-02, 9.900000095E-01
       137, 8.163224283E-04, 2.849999752E-02, 9.899999797E-01
       138, 8.126717624E-04, 2.864999749E-02, 9.899999797E-01
       139, 8.090324752E-04, 2.879999746E-02, 9.900000393E-01
       140, 8.054109807E-04, 2.894999743E-02, 9.899999946E-01
       141, 8.017941936E-04, 2.909999740E-02, 9.900000393E-01
       142, 7.981807926E-04, 2.924999737E-02, 9.899999946E-01
       143, 7.945517644E-04, 2.939999734E-02, 9.900000244E-01
       144, 7.909582299E-04, 2.954999731E-02, 9.900000244E-01
       145, 7.874382432E-04, 2.969999728E-02, 9.899999872E-01
       146, 7.840609840E-04, 2.984999760E-02, 9.900000319E-01
       147, 7.824390973E-04, 3.000000000E-02, 9.900000244E-01
