nodenumber,    x-coordinate,    y-coordinate,water-liquid-vof
         1, 2.000000000E-03, 9.315032145E-03, 9.900000244E-01
         2, 1.922807364E-03, 9.450000040E-03, 9.900000095E-01
         3, 1.871924941E-03, 9.600000064E-03, 9.899999946E-01
         4, 1.846584626E-03, 9.707881401E-03, 9.900000095E-01
         5, 1.838743422E-03, 9.750000297E-03, 9.900000580E-01
         6, 1.816222517E-03, 9.900000087E-03, 9.899999946E-01
         7, 1.799139238E-03, 1.004999979E-02, 9.899999499E-01
         8, 1.785492588E-03, 1.020000040E-02, 9.900000691E-01
         9, 1.774119437E-03, 1.035000010E-02, 9.899999797E-01
        10, 1.764325190E-03, 1.050000010E-02, 9.899999797E-01
        11, 1.755729959E-03, 1.065000010E-02, 9.900000393E-01
        12, 1.748090943E-03, 1.080000010E-02, 9.900000095E-01
        13, 1.741226983E-03, 1.095000010E-02, 9.900000393E-01
        14, 1.735002065E-03, 1.110000010E-02, 9.899999797E-01
        15, 1.729310504E-03, 1.125000009E-02, 9.900000095E-01
        16, 1.724070334E-03, 1.140000009E-02, 9.899999946E-01
        17, 1.719215321E-03, 1.155000009E-02, 9.900000095E-01
        18, 1.714691886E-03, 1.170000009E-02, 9.899999946E-01
        19, 1.710456515E-03, 1.185000009E-02, 9.900000095E-01
        20, 1.706473286E-03, 1.200000008E-02, 9.900000319E-01
        21, 1.702712759E-03, 1.215000008E-02, 9.900000021E-01
        22, 1.699149949E-03, 1.230000008E-02, 9.899999984E-01
        23, 1.695764000E-03, 1.245000007E-02, 9.899999984E-01
        24, 1.692774770E-03, 1.258878166E-02, 9.900000095E-01
        25, 1.692049721E-03, 1.259999980E-02, 9.899999709E-01
        26, 1.682808559E-03, 1.275000035E-02, 9.900000542E-01
        27, 1.674273547E-03, 1.290000006E-02, 9.899999797E-01
        28, 1.666338655E-03, 1.304999987E-02, 9.899999648E-01
        29, 1.658916977E-03, 1.320000025E-02, 9.900000244E-01
        30, 1.651923827E-03, 1.334999966E-02, 9.899999797E-01
        31, 1.645299732E-03, 1.350000045E-02, 9.900000393E-01
        32, 1.639011432E-03, 1.365000005E-02, 9.900000095E-01
        33, 1.633039485E-03, 1.380000004E-02, 9.900000393E-01
        34, 1.627364912E-03, 1.395000004E-02, 9.900000095E-01
        35, 1.621966123E-03, 1.410000003E-02, 9.899999797E-01
        36, 1.616825195E-03, 1.425000003E-02, 9.900000095E-01
        37, 1.611922897E-03, 1.440000002E-02, 9.900000095E-01
        38, 1.607244692E-03, 1.455000002E-02, 9.900000095E-01
        39, 1.602773448E-03, 1.470000001E-02, 9.900000095E-01
        40, 1.598494795E-03, 1.485000001E-02, 9.900000095E-01
        41, 1.594397236E-03, 1.500000000E-02, 9.899999797E-01
        42, 1.590467080E-03, 1.514999999E-02, 9.900000393E-01
        43, 1.586695856E-03, 1.529999999E-02, 9.900000095E-01
        44, 1.583072351E-03, 1.544999998E-02, 9.900000095E-01
        45, 1.579587757E-03, 1.559999998E-02, 9.900000095E-01
        46, 1.576233227E-03, 1.574999997E-02, 9.899999946E-01
        47, 1.573003541E-03, 1.589999997E-02, 9.899999946E-01
        48, 1.569890539E-03, 1.604999996E-02, 9.899999946E-01
        49, 1.566888323E-03, 1.619999995E-02, 9.899999946E-01
        50, 1.563991358E-03, 1.634999995E-02, 9.899999946E-01
        51, 1.561195112E-03, 1.649999994E-02, 9.900000095E-01
        52, 1.558493693E-03, 1.664999993E-02, 9.899999872E-01
        53, 1.555881752E-03, 1.679999993E-02, 9.899999946E-01
        54, 1.553356159E-03, 1.694999992E-02, 9.899999946E-01
        55, 1.550913263E-03, 1.709999991E-02, 9.900000244E-01
        56, 1.548548063E-03, 1.724999991E-02, 9.899999872E-01
        57, 1.546257401E-03, 1.739999990E-02, 9.900000095E-01
        58, 1.544032799E-03, 1.754999989E-02, 9.900000170E-01
        59, 1.541860529E-03, 1.769999989E-02, 9.900000319E-01
        60, 1.539735976E-03, 1.784999988E-02, 9.899999960E-01
        61, 1.538843849E-03, 1.791435458E-02, 9.899999797E-01
        62, 1.535936087E-03, 1.800000024E-02, 9.900000077E-01
        63, 1.530986348E-03, 1.815000011E-02, 9.900000244E-01
        64, 1.526194285E-03, 1.830000021E-02, 9.900000244E-01
        65, 1.521567515E-03, 1.844999936E-02, 9.900000021E-01
        66, 1.517107991E-03, 1.859999946E-02, 9.900000095E-01
        67, 1.512816163E-03, 1.874999970E-02, 9.899999946E-01
        68, 1.508689609E-03, 1.889999995E-02, 9.900000095E-01
        69, 1.504723115E-03, 1.904999991E-02, 9.900000393E-01
        70, 1.500915989E-03, 1.919999931E-02, 9.899999797E-01
        71, 1.497258058E-03, 1.934999956E-02, 9.900000393E-01
        72, 1.493745123E-03, 1.950000011E-02, 9.900000691E-01
        73, 1.490371676E-03, 1.964999949E-02, 9.899999797E-01
        74, 1.487131455E-03, 1.979999946E-02, 9.900000095E-01
        75, 1.484017201E-03, 1.994999883E-02, 9.899999797E-01
        76, 1.481024133E-03, 2.009999879E-02, 9.899999797E-01
        77, 1.478146095E-03, 2.024999936E-02, 9.899999797E-01
        78, 1.475375166E-03, 2.039999933E-02, 9.899999797E-01
        79, 1.472708034E-03, 2.054999990E-02, 9.900000095E-01
        80, 1.470137790E-03, 2.069999988E-02, 9.900000393E-01
        81, 1.467660446E-03, 2.084999985E-02, 9.900000095E-01
        82, 1.465270580E-03, 2.099999857E-02, 9.900000095E-01
        83, 1.462963015E-03, 2.114999853E-02, 9.899999499E-01
        84, 1.460735234E-03, 2.129999912E-02, 9.899999797E-01
        85, 1.458582097E-03, 2.144999909E-02, 9.900000393E-01
        86, 1.456499461E-03, 2.159999906E-02, 9.900000393E-01
        87, 1.454485885E-03, 2.174999902E-02, 9.900000393E-01
        88, 1.452534717E-03, 2.189999899E-02, 9.900000393E-01
        89, 1.450644324E-03, 2.204999896E-02, 9.900000095E-01
        90, 1.448813007E-03, 2.219999892E-02, 9.900000095E-01
        91, 1.447034711E-03, 2.234999889E-02, 9.900000393E-01
        92, 1.445310114E-03, 2.249999886E-02, 9.900000095E-01
        93, 1.443634528E-03, 2.264999883E-02, 9.899999797E-01
        94, 1.442007521E-03, 2.279999879E-02, 9.900000095E-01
        95, 1.440424486E-03, 2.294999876E-02, 9.900000095E-01
        96, 1.438885709E-03, 2.309999873E-02, 9.900000095E-01
        97, 1.437387279E-03, 2.324999869E-02, 9.899999797E-01
        98, 1.435928959E-03, 2.339999866E-02, 9.900000095E-01
        99, 1.434506693E-03, 2.354999863E-02, 9.900000095E-01
       100, 1.433119681E-03, 2.369999859E-02, 9.900000095E-01
       101, 1.431760823E-03, 2.384999856E-02, 9.900000095E-01
       102, 1.430422326E-03, 2.399999853E-02, 9.900000393E-01
       103, 1.429103100E-03, 2.414999849E-02, 9.900000095E-01
       104, 1.427801511E-03, 2.429999846E-02, 9.900000393E-01
       105, 1.426520503E-03, 2.444999843E-02, 9.899999797E-01
       106, 1.425258041E-03, 2.459999839E-02, 9.900000095E-01
       107, 1.424015510E-03, 2.474999836E-02, 9.899999797E-01
       108, 1.422790120E-03, 2.489999833E-02, 9.899999797E-01
       109, 1.421581734E-03, 2.504999830E-02, 9.900000095E-01
       110, 1.420391306E-03, 2.519999826E-02, 9.900000095E-01
       111, 1.419217202E-03, 2.534999823E-02, 9.899999946E-01
       112, 1.418061331E-03, 2.549999820E-02, 9.899999946E-01
       113, 1.416919712E-03, 2.564999816E-02, 9.899999797E-01
       114, 1.415796132E-03, 2.579999813E-02, 9.899999946E-01
       115, 1.414686079E-03, 2.594999810E-02, 9.899999946E-01
       116, 1.413590891E-03, 2.609999807E-02, 9.900000095E-01
       117, 1.412512165E-03, 2.624999803E-02, 9.899999946E-01
       118, 1.411447690E-03, 2.639999800E-02, 9.899999946E-01
       119, 1.410397521E-03, 2.654999797E-02, 9.899999946E-01
       120, 1.409363273E-03, 2.669999793E-02, 9.899999946E-01
       121, 1.408341568E-03, 2.684999790E-02, 9.899999797E-01
       122, 1.407332931E-03, 2.699999787E-02, 9.900000393E-01
       123, 1.406338360E-03, 2.714999783E-02, 9.900000095E-01
       124, 1.405355068E-03, 2.729999780E-02, 9.900000244E-01
       125, 1.404383539E-03, 2.744999777E-02, 9.900000244E-01
       126, 1.403426362E-03, 2.759999774E-02, 9.900000170E-01
       127, 1.402476095E-03, 2.774999770E-02, 9.900000170E-01
       128, 1.401538693E-03, 2.789999767E-02, 9.900000319E-01
       129, 1.400610522E-03, 2.804999764E-02, 9.900000095E-01
       130, 1.399691995E-03, 2.819999760E-02, 9.900000170E-01
       131, 1.398779938E-03, 2.834999757E-02, 9.899999797E-01
       132, 1.397883223E-03, 2.849999754E-02, 9.900000170E-01
       133, 1.396993244E-03, 2.864999751E-02, 9.899999872E-01
       134, 1.396110092E-03, 2.879999747E-02, 9.899999946E-01
       135, 1.395231455E-03, 2.894999744E-02, 9.899999946E-01
       136, 1.394359562E-03, 2.909999741E-02, 9.900000058E-01
       137, 1.393476382E-03, 2.924999738E-02, 9.900000319E-01
       138, 1.392577337E-03, 2.939999734E-02, 9.900000095E-01
       139, 1.391733670E-03, 2.954999731E-02, 9.899999984E-01
       140, 1.390921138E-03, 2.969999728E-02, 9.899999835E-01
       141, 1.390025112E-03, 2.984999759E-02, 9.899999984E-01
       142, 1.389554855E-03, 3.000000000E-02, 9.899999816E-01
