nodenumber,    x-coordinate,    y-coordinate,water-liquid-vof
         1, 1.999999985E-03, 9.434579795E-03, 9.899999797E-01
         2, 1.991316993E-03, 9.449999864E-03, 9.900000021E-01
         3, 1.929426952E-03, 9.599999749E-03, 9.900000095E-01
         4, 1.883566919E-03, 9.750000057E-03, 9.900000244E-01
         5, 1.846585344E-03, 9.894349774E-03, 9.899999984E-01
         6, 1.845629573E-03, 9.900000276E-03, 9.900000361E-01
         7, 1.823157038E-03, 1.005000038E-02, 9.900000095E-01
         8, 1.804012135E-03, 1.019999978E-02, 9.899999797E-01
         9, 1.787458134E-03, 1.035000009E-02, 9.899999797E-01
        10, 1.772975999E-03, 1.050000010E-02, 9.899999797E-01
        11, 1.760182026E-03, 1.065000010E-02, 9.900000095E-01
        12, 1.748781512E-03, 1.080000010E-02, 9.900000095E-01
        13, 1.738537159E-03, 1.095000010E-02, 9.899999797E-01
        14, 1.729153092E-03, 1.110000010E-02, 9.900000095E-01
        15, 1.720367001E-03, 1.125000010E-02, 9.899999946E-01
        16, 1.712088449E-03, 1.140000010E-02, 9.899999872E-01
        17, 1.704302629E-03, 1.155000010E-02, 9.900000021E-01
        18, 1.696985858E-03, 1.170000009E-02, 9.899999984E-01
        19, 1.692771594E-03, 1.179142176E-02, 9.899999797E-01
        20, 1.687765551E-03, 1.184999983E-02, 9.899999648E-01
        21, 1.675695488E-03, 1.200000000E-02, 9.900000170E-01
        22, 1.664447680E-03, 1.215000009E-02, 9.900000244E-01
        23, 1.653943192E-03, 1.230000009E-02, 9.899999797E-01
        24, 1.644110691E-03, 1.245000046E-02, 9.900000393E-01
        25, 1.634885567E-03, 1.260000008E-02, 9.900000095E-01
        26, 1.626162604E-03, 1.275000046E-02, 9.900000095E-01
        27, 1.617806912E-03, 1.289999969E-02, 9.899999499E-01
        28, 1.609749614E-03, 1.305000007E-02, 9.900000393E-01
        29, 1.602003079E-03, 1.320000007E-02, 9.899999797E-01
        30, 1.594570472E-03, 1.335000006E-02, 9.900000095E-01
        31, 1.587447189E-03, 1.350000006E-02, 9.900000393E-01
        32, 1.580623482E-03, 1.365000005E-02, 9.900000393E-01
        33, 1.574089048E-03, 1.380000005E-02, 9.899999797E-01
        34, 1.567829856E-03, 1.395000004E-02, 9.900000244E-01
        35, 1.561838106E-03, 1.410000004E-02, 9.900000393E-01
        36, 1.556094381E-03, 1.425000003E-02, 9.900000021E-01
        37, 1.550588468E-03, 1.440000003E-02, 9.900000021E-01
        38, 1.545305924E-03, 1.455000002E-02, 9.900000058E-01
        39, 1.540233708E-03, 1.470000001E-02, 9.899999844E-01
        40, 1.538831268E-03, 1.474252842E-02, 9.900000095E-01
        41, 1.532645485E-03, 1.485000034E-02, 9.900000356E-01
        42, 1.524195794E-03, 1.499999967E-02, 9.899999872E-01
        43, 1.515943942E-03, 1.514999977E-02, 9.899999797E-01
        44, 1.507906420E-03, 1.529999999E-02, 9.899999946E-01
        45, 1.500094413E-03, 1.544999998E-02, 9.900000095E-01
        46, 1.492507439E-03, 1.559999951E-02, 9.899999797E-01
        47, 1.485148729E-03, 1.574999950E-02, 9.899999797E-01
        48, 1.478012227E-03, 1.589999996E-02, 9.899999797E-01
        49, 1.471098437E-03, 1.604999995E-02, 9.900000095E-01
        50, 1.464399386E-03, 1.620000042E-02, 9.900000095E-01
        51, 1.457906718E-03, 1.634999993E-02, 9.900000095E-01
        52, 1.451620006E-03, 1.649999992E-02, 9.900000095E-01
        53, 1.445529841E-03, 1.664999992E-02, 9.900000095E-01
        54, 1.439624347E-03, 1.679999991E-02, 9.899999797E-01
        55, 1.433900856E-03, 1.694999990E-02, 9.899999797E-01
        56, 1.428346685E-03, 1.709999989E-02, 9.900000393E-01
        57, 1.422938224E-03, 1.724999988E-02, 9.899999797E-01
        58, 1.417632317E-03, 1.739999987E-02, 9.900000393E-01
        59, 1.412424679E-03, 1.754999986E-02, 9.900000095E-01
        60, 1.407316841E-03, 1.769999985E-02, 9.900000244E-01
        61, 1.402333507E-03, 1.784999984E-02, 9.899999946E-01
        62, 1.397545287E-03, 1.799999983E-02, 9.900000095E-01
        63, 1.393017958E-03, 1.814999980E-02, 9.900000021E-01
        64, 1.388758402E-03, 1.829999977E-02, 9.900000263E-01
        65, 1.384893837E-03, 1.844583465E-02, 9.900000114E-01
        66, 1.384722942E-03, 1.844999923E-02, 9.899999637E-01
        67, 1.379119734E-03, 1.859999921E-02, 9.899999909E-01
        68, 1.374074795E-03, 1.874999966E-02, 9.899999946E-01
        69, 1.369569673E-03, 1.889999935E-02, 9.899999946E-01
        70, 1.365577788E-03, 1.904999903E-02, 9.899999723E-01
        71, 1.362074777E-03, 1.919999956E-02, 9.900000095E-01
        72, 1.359025128E-03, 1.935000011E-02, 9.900000095E-01
        73, 1.356394578E-03, 1.949999921E-02, 9.899999946E-01
        74, 1.354159533E-03, 1.964999946E-02, 9.900000095E-01
        75, 1.352301358E-03, 1.979999913E-02, 9.899999797E-01
        76, 1.350784723E-03, 1.994999910E-02, 9.899999946E-01
        77, 1.349584099E-03, 2.009999876E-02, 9.900000095E-01
        78, 1.348672629E-03, 2.024999993E-02, 9.900000691E-01
        79, 1.348024197E-03, 2.039999899E-02, 9.900000095E-01
        80, 1.347626166E-03, 2.054999988E-02, 9.900000244E-01
        81, 1.347464525E-03, 2.069999954E-02, 9.900000095E-01
        82, 1.347517911E-03, 2.084999920E-02, 9.899999797E-01
        83, 1.347790701E-03, 2.099999979E-02, 9.900000244E-01
        84, 1.348271224E-03, 2.114999914E-02, 9.900000244E-01
        85, 1.348949082E-03, 2.129999910E-02, 9.899999946E-01
        86, 1.349812713E-03, 2.144999907E-02, 9.899999946E-01
        87, 1.350861292E-03, 2.159999872E-02, 9.899999648E-01
        88, 1.352089524E-03, 2.174999901E-02, 9.900000095E-01
        89, 1.353492618E-03, 2.189999865E-02, 9.899999797E-01
        90, 1.355064538E-03, 2.204999894E-02, 9.899999797E-01
        91, 1.356797445E-03, 2.219999957E-02, 9.900000095E-01
        92, 1.358688258E-03, 2.234999821E-02, 9.900000095E-01
        93, 1.360740573E-03, 2.249999951E-02, 9.900000244E-01
        94, 1.362933982E-03, 2.264999847E-02, 9.899999946E-01
        95, 1.365285727E-03, 2.279999844E-02, 9.899999797E-01
        96, 1.367773566E-03, 2.294999841E-02, 9.899999872E-01
        97, 1.370409674E-03, 2.309999871E-02, 9.900000095E-01
        98, 1.373174938E-03, 2.324999903E-02, 9.900000319E-01
        99, 1.376081150E-03, 2.339999900E-02, 9.900000542E-01
       100, 1.379122482E-03, 2.354999809E-02, 9.900000095E-01
       101, 1.382287801E-03, 2.369999819E-02, 9.900000151E-01
       102, 1.384915175E-03, 2.382013603E-02, 9.899999797E-01
       103, 1.385505778E-03, 2.384999826E-02, 9.899999981E-01
       104, 1.388564325E-03, 2.399999852E-02, 9.899999928E-01
       105, 1.391761241E-03, 2.414999849E-02, 9.900000207E-01
       106, 1.395085339E-03, 2.429999846E-02, 9.900000170E-01
       107, 1.398551789E-03, 2.444999842E-02, 9.900000319E-01
       108, 1.402144541E-03, 2.459999839E-02, 9.900000319E-01
       109, 1.405868852E-03, 2.474999836E-02, 9.899999797E-01
       110, 1.409725394E-03, 2.489999833E-02, 9.899999946E-01
       111, 1.413706696E-03, 2.504999829E-02, 9.900000095E-01
       112, 1.417809051E-03, 2.519999826E-02, 9.899999946E-01
       113, 1.422045398E-03, 2.534999823E-02, 9.900000244E-01
       114, 1.426404203E-03, 2.549999820E-02, 9.900000393E-01
       115, 1.430883849E-03, 2.564999817E-02, 9.899999797E-01
       116, 1.435483429E-03, 2.579999813E-02, 9.899999797E-01
       117, 1.440211743E-03, 2.594999810E-02, 9.900000095E-01
       118, 1.445049144E-03, 2.609999807E-02, 9.900000095E-01
       119, 1.450010966E-03, 2.624999804E-02, 9.900000095E-01
       120, 1.455085234E-03, 2.639999800E-02, 9.900000393E-01
       121, 1.460279950E-03, 2.654999797E-02, 9.900000095E-01
       122, 1.465582280E-03, 2.669999714E-02, 9.900000095E-01
       123, 1.470997336E-03, 2.684999870E-02, 9.900000691E-01
       124, 1.476533023E-03, 2.699999707E-02, 9.900000095E-01
       125, 1.482175980E-03, 2.714999865E-02, 9.900000095E-01
       126, 1.487922102E-03, 2.729999781E-02, 9.900000095E-01
       127, 1.493775902E-03, 2.744999777E-02, 9.900000095E-01
       128, 1.499753967E-03, 2.759999774E-02, 9.900000393E-01
       129, 1.505823476E-03, 2.774999812E-02, 9.900000542E-01
       130, 1.512007690E-03, 2.789999726E-02, 9.900000244E-01
       131, 1.518279134E-03, 2.804999806E-02, 9.900000393E-01
       132, 1.524667554E-03, 2.819999824E-02, 9.900000393E-01
       133, 1.531157637E-03, 2.834999673E-02, 9.899999946E-01
       134, 1.537732001E-03, 2.849999760E-02, 9.900000393E-01
       135, 1.538885944E-03, 2.852617678E-02, 9.900000244E-01
       136, 1.544879125E-03, 2.864999762E-02, 9.899999909E-01
       137, 1.552252591E-03, 2.879999748E-02, 9.900000021E-01
       138, 1.559781691E-03, 2.894999744E-02, 9.899999797E-01
       139, 1.567440875E-03, 2.909999741E-02, 9.899999797E-01
       140, 1.575185489E-03, 2.924999738E-02, 9.900000244E-01
       141, 1.583008524E-03, 2.939999734E-02, 9.899999797E-01
       142, 1.591659505E-03, 2.954999731E-02, 9.900000393E-01
       143, 1.600606346E-03, 2.969999728E-02, 9.900000393E-01
       144, 1.608302327E-03, 2.984999759E-02, 9.900000095E-01
       145, 1.611760444E-03, 3.000000000E-02, 9.899999797E-01
