nodenumber,    x-coordinate,    y-coordinate,water-liquid-vof
         1, 1.999999940E-03, 9.400358275E-03, 9.900000095E-01
         2, 1.972082563E-03, 9.449999733E-03, 9.899999648E-01
         3, 1.912290581E-03, 9.600000044E-03, 9.900000095E-01
         4, 1.868523260E-03, 9.750000064E-03, 9.899999946E-01
         5, 1.846585150E-03, 9.840126651E-03, 9.900000095E-01
         6, 1.836607886E-03, 9.900000151E-03, 9.900000095E-01
         7, 1.815178504E-03, 1.004999994E-02, 9.899999797E-01
         8, 1.796981893E-03, 1.020000009E-02, 9.899999797E-01
         9, 1.781255368E-03, 1.035000009E-02, 9.899999797E-01
        10, 1.767480278E-03, 1.050000010E-02, 9.900000095E-01
        11, 1.755281245E-03, 1.065000010E-02, 9.900000393E-01
        12, 1.744386519E-03, 1.080000010E-02, 9.900000393E-01
        13, 1.734584764E-03, 1.095000010E-02, 9.900000393E-01
        14, 1.725706567E-03, 1.110000010E-02, 9.900000244E-01
        15, 1.717530078E-03, 1.125000010E-02, 9.900000393E-01
        16, 1.709847210E-03, 1.140000010E-02, 9.900000244E-01
        17, 1.702580710E-03, 1.155000010E-02, 9.899999946E-01
        18, 1.695716916E-03, 1.170000009E-02, 9.900000244E-01
        19, 1.692771550E-03, 1.176759910E-02, 9.899999797E-01
        20, 1.685797017E-03, 1.184999978E-02, 9.899999611E-01
        21, 1.673850353E-03, 1.200000036E-02, 9.900000095E-01
        22, 1.662716349E-03, 1.214999973E-02, 9.900000095E-01
        23, 1.652324032E-03, 1.230000009E-02, 9.900000393E-01
        24, 1.642608116E-03, 1.245000046E-02, 9.900000691E-01
        25, 1.633505605E-03, 1.259999971E-02, 9.899999499E-01
        26, 1.624955468E-03, 1.275000008E-02, 9.900000095E-01
        27, 1.616907382E-03, 1.290000008E-02, 9.900000095E-01
        28, 1.609292407E-03, 1.305000007E-02, 9.900000095E-01
        29, 1.601993856E-03, 1.320000007E-02, 9.899999797E-01
        30, 1.594946148E-03, 1.335000006E-02, 9.900000095E-01
        31, 1.588154917E-03, 1.350000006E-02, 9.900000393E-01
        32, 1.581620152E-03, 1.365000005E-02, 9.900000095E-01
        33, 1.575342222E-03, 1.380000005E-02, 9.899999946E-01
        34, 1.569314511E-03, 1.395000004E-02, 9.899999946E-01
        35, 1.563527933E-03, 1.410000004E-02, 9.899999946E-01
        36, 1.557971348E-03, 1.425000003E-02, 9.900000244E-01
        37, 1.552640785E-03, 1.440000003E-02, 9.900000021E-01
        38, 1.547521743E-03, 1.455000002E-02, 9.900000133E-01
        39, 1.542603064E-03, 1.470000001E-02, 9.900000133E-01
        40, 1.538831573E-03, 1.481941977E-02, 9.899999797E-01
        41, 1.537086674E-03, 1.484999963E-02, 9.899999565E-01
        42, 1.528785511E-03, 1.499999967E-02, 9.899999723E-01
        43, 1.520814903E-03, 1.514999988E-02, 9.900000021E-01
        44, 1.513147092E-03, 1.529999999E-02, 9.899999946E-01
        45, 1.505706959E-03, 1.544999975E-02, 9.900000244E-01
        46, 1.498427470E-03, 1.559999997E-02, 9.899999797E-01
        47, 1.491319832E-03, 1.574999997E-02, 9.900000095E-01
        48, 1.484391659E-03, 1.589999948E-02, 9.899999499E-01
        49, 1.477651438E-03, 1.605000043E-02, 9.900000393E-01
        50, 1.471094261E-03, 1.619999994E-02, 9.900000393E-01
        51, 1.464726091E-03, 1.634999993E-02, 9.899999797E-01
        52, 1.458541071E-03, 1.649999993E-02, 9.900000393E-01
        53, 1.452539200E-03, 1.664999992E-02, 9.900000393E-01
        54, 1.446713182E-03, 1.679999991E-02, 9.900000393E-01
        55, 1.441061201E-03, 1.694999990E-02, 9.900000095E-01
        56, 1.435575118E-03, 1.709999989E-02, 9.900000095E-01
        57, 1.430250583E-03, 1.724999988E-02, 9.900000095E-01
        58, 1.425084192E-03, 1.739999987E-02, 9.899999797E-01
        59, 1.420068457E-03, 1.754999986E-02, 9.900000095E-01
        60, 1.415200954E-03, 1.769999985E-02, 9.900000095E-01
        61, 1.410493449E-03, 1.784999985E-02, 9.900000244E-01
        62, 1.405989832E-03, 1.799999984E-02, 9.899999797E-01
        63, 1.401706986E-03, 1.814999980E-02, 9.900000170E-01
        64, 1.397629275E-03, 1.829999977E-02, 9.900000244E-01
        65, 1.393761343E-03, 1.844999973E-02, 9.900000133E-01
        66, 1.390092021E-03, 1.859999970E-02, 9.899999946E-01
        67, 1.386625202E-03, 1.874999967E-02, 9.900000291E-01
        68, 1.384895357E-03, 1.882957226E-02, 9.900000095E-01
        69, 1.382485487E-03, 1.889999935E-02, 9.900000077E-01
        70, 1.377762685E-03, 1.904999988E-02, 9.900000207E-01
        71, 1.373431976E-03, 1.919999899E-02, 9.899999723E-01
        72, 1.369471896E-03, 1.934999953E-02, 9.900000095E-01
        73, 1.365864422E-03, 1.949999906E-02, 9.899999872E-01
        74, 1.362589230E-03, 1.964999946E-02, 9.899999946E-01
        75, 1.359627536E-03, 1.979999884E-02, 9.899999797E-01
        76, 1.356955812E-03, 1.994999970E-02, 9.900000095E-01
        77, 1.354561743E-03, 2.009999936E-02, 9.900000244E-01
        78, 1.352425885E-03, 2.024999873E-02, 9.899999946E-01
        79, 1.350532536E-03, 2.039999899E-02, 9.899999648E-01
        80, 1.348871403E-03, 2.054999927E-02, 9.900000095E-01
        81, 1.347423993E-03, 2.069999954E-02, 9.899999946E-01
        82, 1.346180315E-03, 2.084999858E-02, 9.899999946E-01
        83, 1.345132853E-03, 2.099999854E-02, 9.899999499E-01
        84, 1.344271816E-03, 2.114999850E-02, 9.900000095E-01
        85, 1.343585017E-03, 2.129999910E-02, 9.899999797E-01
        86, 1.343062400E-03, 2.144999843E-02, 9.899999797E-01
        87, 1.342698955E-03, 2.159999839E-02, 9.900000095E-01
        88, 1.342484128E-03, 2.174999836E-02, 9.899999797E-01
        89, 1.342397090E-03, 2.189999832E-02, 9.900000095E-01
        90, 1.342434491E-03, 2.204999894E-02, 9.899999797E-01
        91, 1.342594615E-03, 2.219999824E-02, 9.899999797E-01
        92, 1.342867543E-03, 2.234999821E-02, 9.899999797E-01
        93, 1.343255027E-03, 2.249999951E-02, 9.900000691E-01
        94, 1.343743056E-03, 2.264999881E-02, 9.900000095E-01
        95, 1.344342494E-03, 2.279999878E-02, 9.900000393E-01
        96, 1.345043834E-03, 2.294999943E-02, 9.900000393E-01
        97, 1.345850885E-03, 2.309999871E-02, 9.900000393E-01
        98, 1.346749634E-03, 2.324999903E-02, 9.899999946E-01
        99, 1.347748128E-03, 2.339999865E-02, 9.899999797E-01
       100, 1.348838147E-03, 2.354999896E-02, 9.900000095E-01
       101, 1.350017754E-03, 2.369999787E-02, 9.899999797E-01
       102, 1.351286949E-03, 2.384999784E-02, 9.899999797E-01
       103, 1.352648557E-03, 2.399999887E-02, 9.899999946E-01
       104, 1.354096937E-03, 2.414999776E-02, 9.899999946E-01
       105, 1.355626434E-03, 2.429999881E-02, 9.900000095E-01
       106, 1.357243335E-03, 2.444999878E-02, 9.900000095E-01
       107, 1.358937813E-03, 2.459999875E-02, 9.899999946E-01
       108, 1.360713858E-03, 2.474999799E-02, 9.899999797E-01
       109, 1.362563689E-03, 2.489999795E-02, 9.900000095E-01
       110, 1.364493125E-03, 2.504999829E-02, 9.899999946E-01
       111, 1.366502651E-03, 2.519999844E-02, 9.900000021E-01
       112, 1.368583908E-03, 2.534999822E-02, 9.900000095E-01
       113, 1.370737657E-03, 2.549999876E-02, 9.900000542E-01
       114, 1.372960723E-03, 2.564999892E-02, 9.900000691E-01
       115, 1.375258393E-03, 2.579999774E-02, 9.900000244E-01
       116, 1.377631505E-03, 2.594999800E-02, 9.900000207E-01
       117, 1.380067039E-03, 2.609999777E-02, 9.899999797E-01
       118, 1.382565640E-03, 2.624999830E-02, 9.900000058E-01
       119, 1.384925413E-03, 2.638803361E-02, 9.900000095E-01
       120, 1.385112354E-03, 2.639999792E-02, 9.900000268E-01
       121, 1.387500919E-03, 2.654999796E-02, 9.900000244E-01
       122, 1.389959421E-03, 2.669999793E-02, 9.900000319E-01
       123, 1.392497536E-03, 2.684999790E-02, 9.900000133E-01
       124, 1.395102051E-03, 2.699999787E-02, 9.900000170E-01
       125, 1.397782361E-03, 2.714999783E-02, 9.900000170E-01
       126, 1.400530595E-03, 2.729999780E-02, 9.900000244E-01
       127, 1.403350687E-03, 2.744999777E-02, 9.900000021E-01
       128, 1.406238794E-03, 2.759999774E-02, 9.899999797E-01
       129, 1.409198604E-03, 2.774999770E-02, 9.900000244E-01
       130, 1.412228108E-03, 2.789999767E-02, 9.900000393E-01
       131, 1.415325736E-03, 2.804999764E-02, 9.900000244E-01
       132, 1.418485735E-03, 2.819999761E-02, 9.900000244E-01
       133, 1.421715584E-03, 2.834999757E-02, 9.900000244E-01
       134, 1.425002785E-03, 2.849999754E-02, 9.900000095E-01
       135, 1.428363589E-03, 2.864999751E-02, 9.900000393E-01
       136, 1.431785671E-03, 2.879999747E-02, 9.900000393E-01
       137, 1.435271428E-03, 2.894999744E-02, 9.899999797E-01
       138, 1.438825584E-03, 2.909999741E-02, 9.900000393E-01
       139, 1.442401699E-03, 2.924999738E-02, 9.899999797E-01
       140, 1.446023154E-03, 2.939999734E-02, 9.900000393E-01
       141, 1.449984186E-03, 2.954999731E-02, 9.900000095E-01
       142, 1.454120549E-03, 2.969999728E-02, 9.899999797E-01
       143, 1.457967501E-03, 2.984999759E-02, 9.900000393E-01
       144, 1.459832721E-03, 3.000000000E-02, 9.900000393E-01
