nodenumber,    x-coordinate,    y-coordinate,water-liquid-vof
         1, 2.000000000E-03, 9.672650403E-03, 9.900000095E-01
         2, 1.972743031E-03, 9.750000304E-03, 9.900000542E-01
         3, 1.926591691E-03, 9.900000035E-03, 9.900000095E-01
         4, 1.886116525E-03, 1.005000005E-02, 9.900000095E-01
         5, 1.851216249E-03, 1.020000007E-02, 9.900000133E-01
         6, 1.846586663E-03, 1.022258962E-02, 9.899999946E-01
         7, 1.830570854E-03, 1.035000000E-02, 9.899999946E-01
         8, 1.814017759E-03, 1.050000008E-02, 9.900000244E-01
         9, 1.799376286E-03, 1.065000008E-02, 9.900000095E-01
        10, 1.786156272E-03, 1.080000008E-02, 9.900000095E-01
        11, 1.773881343E-03, 1.095000009E-02, 9.900000393E-01
        12, 1.762372760E-03, 1.110000009E-02, 9.899999797E-01
        13, 1.751618275E-03, 1.125000009E-02, 9.899999797E-01
        14, 1.741587235E-03, 1.140000009E-02, 9.900000095E-01
        15, 1.732231829E-03, 1.155000009E-02, 9.899999797E-01
        16, 1.723504811E-03, 1.170000009E-02, 9.900000244E-01
        17, 1.715350932E-03, 1.185000008E-02, 9.900000095E-01
        18, 1.707712779E-03, 1.200000008E-02, 9.900000021E-01
        19, 1.700485245E-03, 1.215000008E-02, 9.899999984E-01
        20, 1.693527914E-03, 1.230000008E-02, 9.899999918E-01
        21, 1.692773728E-03, 1.231665904E-02, 9.899999946E-01
        22, 1.682796926E-03, 1.245000035E-02, 9.900000617E-01
        23, 1.672020181E-03, 1.259999970E-02, 9.899999946E-01
        24, 1.661715521E-03, 1.275000026E-02, 9.900000393E-01
        25, 1.651871077E-03, 1.289999968E-02, 9.899999797E-01
        26, 1.642479459E-03, 1.305000007E-02, 9.900000095E-01
        27, 1.633517546E-03, 1.320000006E-02, 9.900000393E-01
        28, 1.624966005E-03, 1.335000006E-02, 9.899999797E-01
        29, 1.616800757E-03, 1.350000005E-02, 9.900000095E-01
        30, 1.608985143E-03, 1.365000005E-02, 9.900000095E-01
        31, 1.601445588E-03, 1.380000004E-02, 9.900000095E-01
        32, 1.594115287E-03, 1.395000004E-02, 9.900000393E-01
        33, 1.586980240E-03, 1.410000004E-02, 9.900000095E-01
        34, 1.580040096E-03, 1.425000003E-02, 9.900000095E-01
        35, 1.573288698E-03, 1.440000002E-02, 9.900000393E-01
        36, 1.566727956E-03, 1.455000002E-02, 9.899999946E-01
        37, 1.560355391E-03, 1.470000001E-02, 9.899999946E-01
        38, 1.554163158E-03, 1.485000001E-02, 9.899999797E-01
        39, 1.548146091E-03, 1.500000000E-02, 9.899999946E-01
        40, 1.542304134E-03, 1.514999999E-02, 9.900000375E-01
        41, 1.538833292E-03, 1.524143680E-02, 9.900000393E-01
        42, 1.535347752E-03, 1.529999993E-02, 9.899999853E-01
        43, 1.526660984E-03, 1.544999975E-02, 9.899999872E-01
        44, 1.518218108E-03, 1.559999974E-02, 9.900000244E-01
        45, 1.509981955E-03, 1.574999973E-02, 9.899999797E-01
        46, 1.501929123E-03, 1.589999949E-02, 9.899999946E-01
        47, 1.494053882E-03, 1.604999947E-02, 9.900000095E-01
        48, 1.486358225E-03, 1.619999994E-02, 9.900000095E-01
        49, 1.478831617E-03, 1.634999994E-02, 9.900000095E-01
        50, 1.471476605E-03, 1.649999993E-02, 9.900000095E-01
        51, 1.464286302E-03, 1.665000042E-02, 9.900000691E-01
        52, 1.457258622E-03, 1.679999991E-02, 9.900000393E-01
        53, 1.450395824E-03, 1.694999990E-02, 9.900000095E-01
        54, 1.443692281E-03, 1.709999989E-02, 9.900000095E-01
        55, 1.437139724E-03, 1.724999988E-02, 9.900000393E-01
        56, 1.430741182E-03, 1.739999987E-02, 9.900000095E-01
        57, 1.424495387E-03, 1.754999986E-02, 9.900000095E-01
        58, 1.418460710E-03, 1.769999986E-02, 9.899999797E-01
        59, 1.412814703E-03, 1.784999985E-02, 9.900000095E-01
        60, 1.407878645E-03, 1.799999984E-02, 9.900000244E-01
        61, 1.403891770E-03, 1.814999980E-02, 9.899999797E-01
        62, 1.400926204E-03, 1.829999977E-02, 9.900000095E-01
        63, 1.398981744E-03, 1.844999974E-02, 9.900000244E-01
        64, 1.398048343E-03, 1.859999970E-02, 9.900000170E-01
        65, 1.398100563E-03, 1.874999967E-02, 9.900000244E-01
        66, 1.399117961E-03, 1.889999964E-02, 9.900000095E-01
        67, 1.401082019E-03, 1.904999960E-02, 9.900000319E-01
        68, 1.403966281E-03, 1.919999957E-02, 9.899999797E-01
        69, 1.407748862E-03, 1.934999954E-02, 9.900000095E-01
        70, 1.412394617E-03, 1.949999951E-02, 9.900000244E-01
        71, 1.417907042E-03, 1.964999948E-02, 9.899999946E-01
        72, 1.424232952E-03, 1.979999945E-02, 9.900000095E-01
        73, 1.431361197E-03, 1.994999942E-02, 9.900000393E-01
        74, 1.439270525E-03, 2.009999938E-02, 9.900000095E-01
        75, 1.447936849E-03, 2.024999935E-02, 9.899999797E-01
        76, 1.457340853E-03, 2.039999932E-02, 9.900000393E-01
        77, 1.467476406E-03, 2.054999929E-02, 9.900000095E-01
        78, 1.478308983E-03, 2.069999864E-02, 9.899999797E-01
        79, 1.489828403E-03, 2.084999923E-02, 9.899999797E-01
        80, 1.502038238E-03, 2.099999889E-02, 9.899999946E-01
        81, 1.514905304E-03, 2.114999854E-02, 9.900000095E-01
        82, 1.528436383E-03, 2.129999961E-02, 9.900000393E-01
        83, 1.538857675E-03, 2.141142935E-02, 9.899999797E-01
        84, 1.542664452E-03, 2.144999887E-02, 9.899999686E-01
        85, 1.557843296E-03, 2.159999908E-02, 9.900000244E-01
        86, 1.573824245E-03, 2.174999905E-02, 9.900000244E-01
        87, 1.590607576E-03, 2.189999902E-02, 9.900000095E-01
        88, 1.608170356E-03, 2.204999899E-02, 9.900000095E-01
        89, 1.626515927E-03, 2.219999896E-02, 9.899999797E-01
        90, 1.645620071E-03, 2.234999826E-02, 9.899999797E-01
        91, 1.665485005E-03, 2.249999923E-02, 9.900000244E-01
        92, 1.686092186E-03, 2.264999870E-02, 9.899999835E-01
        93, 1.692814907E-03, 2.269837598E-02, 9.900000393E-01
        94, 1.712982287E-03, 2.279999884E-02, 9.900000393E-01
        95, 1.743601995E-03, 2.294999881E-02, 9.900000393E-01
        96, 1.775407620E-03, 2.309999809E-02, 9.899999499E-01
        97, 1.808374736E-03, 2.324999944E-02, 9.900000244E-01
        98, 1.842513849E-03, 2.339999833E-02, 9.899999741E-01
        99, 1.846638882E-03, 2.341807286E-02, 9.900000244E-01
       100, 1.935492832E-03, 2.354999870E-02, 9.900000393E-01
       101, 2.000000000E-03, 2.364408063E-02, 9.899999797E-01
