nodenumber,    x-coordinate,    y-coordinate,water-liquid-vof
         1, 2.000000000E-03, 9.353384551E-03, 9.899999797E-01
         2, 1.945384494E-03, 9.450000028E-03, 9.900000095E-01
         3, 1.889540930E-03, 9.600000055E-03, 9.900000393E-01
         4, 1.850046078E-03, 9.750000073E-03, 9.900000375E-01
         5, 1.846584856E-03, 9.765800807E-03, 9.899999946E-01
         6, 1.824835116E-03, 9.900000378E-03, 9.900000542E-01
         7, 1.805337897E-03, 1.005000039E-02, 9.900000691E-01
         8, 1.788994009E-03, 1.020000009E-02, 9.899999797E-01
         9, 1.774941137E-03, 1.034999979E-02, 9.899999797E-01
        10, 1.762659648E-03, 1.050000010E-02, 9.899999797E-01
        11, 1.751780654E-03, 1.065000010E-02, 9.900000393E-01
        12, 1.742034928E-03, 1.080000010E-02, 9.900000095E-01
        13, 1.733223752E-03, 1.095000010E-02, 9.900000095E-01
        14, 1.725197873E-03, 1.110000010E-02, 9.900000244E-01
        15, 1.717845721E-03, 1.125000010E-02, 9.899999946E-01
        16, 1.711077407E-03, 1.140000010E-02, 9.900000319E-01
        17, 1.704823737E-03, 1.155000009E-02, 9.900000244E-01
        18, 1.698979411E-03, 1.170000009E-02, 9.900000133E-01
        19, 1.693427504E-03, 1.185000009E-02, 9.900000305E-01
        20, 1.692771949E-03, 1.186828293E-02, 9.900000095E-01
        21, 1.682484277E-03, 1.200000036E-02, 9.900000021E-01
        22, 1.671479856E-03, 1.215000027E-02, 9.900000244E-01
        23, 1.661175300E-03, 1.229999990E-02, 9.900000244E-01
        24, 1.651523420E-03, 1.245000008E-02, 9.900000095E-01
        25, 1.642469975E-03, 1.260000008E-02, 9.900000095E-01
        26, 1.633967967E-03, 1.274999970E-02, 9.899999797E-01
        27, 1.625971856E-03, 1.290000007E-02, 9.900000095E-01
        28, 1.618443220E-03, 1.305000007E-02, 9.899999797E-01
        29, 1.611343079E-03, 1.320000007E-02, 9.900000095E-01
        30, 1.604636709E-03, 1.335000006E-02, 9.900000393E-01
        31, 1.598293518E-03, 1.350000006E-02, 9.900000095E-01
        32, 1.592280818E-03, 1.365000005E-02, 9.900000393E-01
        33, 1.586573129E-03, 1.380000005E-02, 9.899999797E-01
        34, 1.581145168E-03, 1.395000004E-02, 9.900000095E-01
        35, 1.575931363E-03, 1.410000004E-02, 9.900000244E-01
        36, 1.570873261E-03, 1.425000003E-02, 9.900000244E-01
        37, 1.565971256E-03, 1.440000002E-02, 9.900000393E-01
        38, 1.561228954E-03, 1.455000002E-02, 9.900000393E-01
        39, 1.556640080E-03, 1.470000001E-02, 9.900000021E-01
        40, 1.552206761E-03, 1.485000001E-02, 9.899999797E-01
        41, 1.547923741E-03, 1.500000000E-02, 9.900000095E-01
        42, 1.543787018E-03, 1.514999999E-02, 9.900000207E-01
        43, 1.539791122E-03, 1.529999999E-02, 9.899999946E-01
        44, 1.538833625E-03, 1.533688641E-02, 9.899999797E-01
        45, 1.533048398E-03, 1.545000010E-02, 9.900000282E-01
        46, 1.525636221E-03, 1.560000044E-02, 9.900000542E-01
        47, 1.518503043E-03, 1.575000020E-02, 9.899999946E-01
        48, 1.511634541E-03, 1.589999949E-02, 9.899999946E-01
        49, 1.505016004E-03, 1.605000019E-02, 9.900000095E-01
        50, 1.498637261E-03, 1.619999994E-02, 9.899999797E-01
        51, 1.492486881E-03, 1.634999994E-02, 9.900000393E-01
        52, 1.486548427E-03, 1.649999993E-02, 9.900000393E-01
        53, 1.480817430E-03, 1.664999992E-02, 9.900000393E-01
        54, 1.475275459E-03, 1.679999941E-02, 9.900000095E-01
        55, 1.469916994E-03, 1.694999990E-02, 9.900000095E-01
        56, 1.464695812E-03, 1.709999990E-02, 9.900000095E-01
        57, 1.459577908E-03, 1.724999989E-02, 9.900000393E-01
        58, 1.454565411E-03, 1.739999988E-02, 9.900000393E-01
        59, 1.449665545E-03, 1.754999987E-02, 9.900000095E-01
        60, 1.444878913E-03, 1.769999986E-02, 9.899999797E-01
        61, 1.440215949E-03, 1.784999985E-02, 9.899999797E-01
        62, 1.435707551E-03, 1.799999984E-02, 9.900000095E-01
        63, 1.431393836E-03, 1.814999981E-02, 9.900000095E-01
        64, 1.427277218E-03, 1.829999978E-02, 9.900000393E-01
        65, 1.423362321E-03, 1.844999974E-02, 9.900000244E-01
        66, 1.419639466E-03, 1.859999971E-02, 9.899999946E-01
        67, 1.416101246E-03, 1.874999967E-02, 9.900000244E-01
        68, 1.412738512E-03, 1.889999964E-02, 9.899999797E-01
        69, 1.409541860E-03, 1.904999961E-02, 9.900000095E-01
        70, 1.406500443E-03, 1.919999957E-02, 9.900000244E-01
        71, 1.403607754E-03, 1.934999954E-02, 9.900000319E-01
        72, 1.400855893E-03, 1.949999951E-02, 9.900000393E-01
        73, 1.398234620E-03, 1.964999947E-02, 9.900000319E-01
        74, 1.395738410E-03, 1.979999944E-02, 9.900000319E-01
        75, 1.393364364E-03, 1.994999941E-02, 9.899999909E-01
        76, 1.391103598E-03, 2.009999937E-02, 9.900000095E-01
        77, 1.388951424E-03, 2.024999934E-02, 9.900000039E-01
        78, 1.386901089E-03, 2.039999931E-02, 9.899999909E-01
        79, 1.384947930E-03, 2.054999927E-02, 9.900000213E-01
        80, 1.384902238E-03, 2.055373318E-02, 9.900000356E-01
        81, 1.382075459E-03, 2.069999866E-02, 9.899999816E-01
        82, 1.379329748E-03, 2.084999897E-02, 9.900000095E-01
        83, 1.376715408E-03, 2.099999949E-02, 9.899999984E-01
        84, 1.374215968E-03, 2.114999914E-02, 9.900000095E-01
        85, 1.371843307E-03, 2.129999942E-02, 9.900000319E-01
        86, 1.369580146E-03, 2.144999859E-02, 9.899999872E-01
        87, 1.367430726E-03, 2.159999872E-02, 9.900000244E-01
        88, 1.365385822E-03, 2.174999901E-02, 9.900000095E-01
        89, 1.363448557E-03, 2.189999865E-02, 9.899999648E-01
        90, 1.361608110E-03, 2.204999861E-02, 9.899999648E-01
        91, 1.359864491E-03, 2.219999924E-02, 9.900000244E-01
        92, 1.358212744E-03, 2.234999888E-02, 9.900000244E-01
        93, 1.356654880E-03, 2.249999951E-02, 9.900000095E-01
        94, 1.355181015E-03, 2.264999915E-02, 9.899999946E-01
        95, 1.353791380E-03, 2.279999878E-02, 9.900000393E-01
        96, 1.352480733E-03, 2.294999806E-02, 9.899999946E-01
        97, 1.351251095E-03, 2.309999871E-02, 9.900000244E-01
        98, 1.350094334E-03, 2.324999799E-02, 9.899999946E-01
        99, 1.349011048E-03, 2.339999934E-02, 9.900000542E-01
       100, 1.347999015E-03, 2.354999896E-02, 9.900000542E-01
       101, 1.347054125E-03, 2.369999858E-02, 9.899999797E-01
       102, 1.346172065E-03, 2.384999784E-02, 9.899999499E-01
       103, 1.345359350E-03, 2.399999923E-02, 9.900000691E-01
       104, 1.344601454E-03, 2.414999776E-02, 9.900000095E-01
       105, 1.343908443E-03, 2.429999845E-02, 9.899999797E-01
       106, 1.343268865E-03, 2.444999842E-02, 9.900000393E-01
       107, 1.342688062E-03, 2.459999838E-02, 9.899999797E-01
       108, 1.342157480E-03, 2.474999761E-02, 9.899999797E-01
       109, 1.341681937E-03, 2.489999832E-02, 9.899999797E-01
       110, 1.341257075E-03, 2.504999829E-02, 9.900000095E-01
       111, 1.340879342E-03, 2.519999825E-02, 9.899999797E-01
       112, 1.340550821E-03, 2.534999898E-02, 9.900000095E-01
       113, 1.340271192E-03, 2.549999743E-02, 9.899999499E-01
       114, 1.340034003E-03, 2.564999816E-02, 9.900000095E-01
       115, 1.339839611E-03, 2.579999812E-02, 9.900000095E-01
       116, 1.339689239E-03, 2.594999809E-02, 9.899999797E-01
       117, 1.339581930E-03, 2.609999806E-02, 9.900000095E-01
       118, 1.339508390E-03, 2.624999724E-02, 9.899999797E-01
       119, 1.339479199E-03, 2.639999878E-02, 9.900000095E-01
       120, 1.339484492E-03, 2.654999717E-02, 9.899999797E-01
       121, 1.339533244E-03, 2.669999872E-02, 9.900000691E-01
       122, 1.339612737E-03, 2.684999870E-02, 9.900000691E-01
       123, 1.339726053E-03, 2.699999786E-02, 9.900000095E-01
       124, 1.339875469E-03, 2.714999864E-02, 9.900000691E-01
       125, 1.340058864E-03, 2.729999780E-02, 9.900000095E-01
       126, 1.340270742E-03, 2.744999695E-02, 9.899999797E-01
       127, 1.340511306E-03, 2.759999773E-02, 9.900000095E-01
       128, 1.340771350E-03, 2.774999770E-02, 9.900000095E-01
       129, 1.341063264E-03, 2.789999850E-02, 9.900000095E-01
       130, 1.341376733E-03, 2.804999847E-02, 9.900000393E-01
       131, 1.341713161E-03, 2.819999676E-02, 9.899999797E-01
       132, 1.342071244E-03, 2.834999757E-02, 9.900000095E-01
       133, 1.342450342E-03, 2.849999839E-02, 9.900000393E-01
       134, 1.342858014E-03, 2.864999665E-02, 9.899999797E-01
       135, 1.343274679E-03, 2.879999747E-02, 9.900000095E-01
       136, 1.343722837E-03, 2.894999658E-02, 9.899999797E-01
       137, 1.344178519E-03, 2.909999827E-02, 9.900000691E-01
       138, 1.344642497E-03, 2.924999737E-02, 9.900000095E-01
       139, 1.345093555E-03, 2.939999647E-02, 9.899999797E-01
       140, 1.345694681E-03, 2.954999643E-02, 9.899999797E-01
       141, 1.346359105E-03, 2.969999728E-02, 9.899999946E-01
       142, 1.346833801E-03, 2.984999848E-02, 9.900000691E-01
       143, 1.347029942E-03, 3.000000089E-02, 9.900000542E-01
