nodenumber,    x-coordinate,    y-coordinate,water-liquid-vof
         1, 2.000000000E-03, 9.475125977E-03, 9.900000095E-01
         2, 1.947587621E-03, 9.600000026E-03, 9.899999797E-01
         3, 1.899656179E-03, 9.750000049E-03, 9.900000095E-01
         4, 1.859209993E-03, 9.900000067E-03, 9.900000095E-01
         5, 1.846585594E-03, 9.952415693E-03, 9.900000095E-01
         6, 1.831713608E-03, 1.004999985E-02, 9.900000095E-01
         7, 1.811858717E-03, 1.020000024E-02, 9.899999946E-01
         8, 1.794680080E-03, 1.034999978E-02, 9.899999797E-01
         9, 1.779662232E-03, 1.050000041E-02, 9.900000691E-01
        10, 1.766404862E-03, 1.065000009E-02, 9.900000095E-01
        11, 1.754595847E-03, 1.080000010E-02, 9.900000393E-01
        12, 1.743914424E-03, 1.095000010E-02, 9.900000095E-01
        13, 1.734008525E-03, 1.110000010E-02, 9.900000393E-01
        14, 1.724693130E-03, 1.125000010E-02, 9.900000095E-01
        15, 1.715951424E-03, 1.140000010E-02, 9.899999946E-01
        16, 1.707758441E-03, 1.155000009E-02, 9.900000021E-01
        17, 1.700085091E-03, 1.170000009E-02, 9.899999872E-01
        18, 1.692894753E-03, 1.185000009E-02, 9.900000136E-01
        19, 1.692771888E-03, 1.185269732E-02, 9.900000207E-01
        20, 1.680781485E-03, 1.200000000E-02, 9.900000319E-01
        21, 1.669393436E-03, 1.215000045E-02, 9.900000542E-01
        22, 1.658745684E-03, 1.230000027E-02, 9.900000393E-01
        23, 1.648763660E-03, 1.245000008E-02, 9.900000393E-01
        24, 1.639275783E-03, 1.260000008E-02, 9.900000095E-01
        25, 1.630147569E-03, 1.275000008E-02, 9.899999797E-01
        26, 1.621369861E-03, 1.290000007E-02, 9.900000095E-01
        27, 1.612950027E-03, 1.305000007E-02, 9.900000095E-01
        28, 1.604887030E-03, 1.320000007E-02, 9.900000095E-01
        29, 1.597174575E-03, 1.335000006E-02, 9.900000095E-01
        30, 1.589800853E-03, 1.350000006E-02, 9.899999797E-01
        31, 1.582748686E-03, 1.365000005E-02, 9.900000095E-01
        32, 1.576008639E-03, 1.380000005E-02, 9.900000244E-01
        33, 1.569558471E-03, 1.395000004E-02, 9.899999946E-01
        34, 1.563384664E-03, 1.410000004E-02, 9.900000244E-01
        35, 1.557473408E-03, 1.425000003E-02, 9.900000021E-01
        36, 1.551795293E-03, 1.440000003E-02, 9.900000095E-01
        37, 1.546277341E-03, 1.455000002E-02, 9.900000282E-01
        38, 1.540874643E-03, 1.470000001E-02, 9.900000235E-01
        39, 1.538831328E-03, 1.475770599E-02, 9.900000393E-01
        40, 1.533282024E-03, 1.484999984E-02, 9.900000170E-01
        41, 1.524482470E-03, 1.499999967E-02, 9.900000095E-01
        42, 1.515933735E-03, 1.515000045E-02, 9.900000691E-01
        43, 1.507647533E-03, 1.530000022E-02, 9.900000393E-01
        44, 1.499623638E-03, 1.544999952E-02, 9.899999797E-01
        45, 1.491856571E-03, 1.559999997E-02, 9.900000095E-01
        46, 1.484340415E-03, 1.574999996E-02, 9.899999797E-01
        47, 1.477065760E-03, 1.589999996E-02, 9.900000095E-01
        48, 1.470025067E-03, 1.605000043E-02, 9.900000393E-01
        49, 1.463208812E-03, 1.619999946E-02, 9.899999797E-01
        50, 1.456612333E-03, 1.634999993E-02, 9.900000393E-01
        51, 1.450219580E-03, 1.649999992E-02, 9.899999797E-01
        52, 1.444005315E-03, 1.664999992E-02, 9.900000095E-01
        53, 1.437927180E-03, 1.679999991E-02, 9.900000095E-01
        54, 1.431967061E-03, 1.694999990E-02, 9.900000393E-01
        55, 1.426122076E-03, 1.709999989E-02, 9.899999797E-01
        56, 1.420390096E-03, 1.724999988E-02, 9.899999797E-01
        57, 1.414776711E-03, 1.739999987E-02, 9.900000095E-01
        58, 1.409276625E-03, 1.754999986E-02, 9.900000244E-01
        59, 1.403905649E-03, 1.769999985E-02, 9.899999946E-01
        60, 1.398699727E-03, 1.784999984E-02, 9.900000021E-01
        61, 1.393751042E-03, 1.799999983E-02, 9.900000170E-01
        62, 1.389137071E-03, 1.814999980E-02, 9.900000170E-01
        63, 1.384893297E-03, 1.829999976E-02, 9.899997711E-01
        64, 1.379141566E-03, 1.845000007E-02, 9.900000580E-01
        65, 1.374108079E-03, 1.859999970E-02, 9.899999872E-01
        66, 1.369766422E-03, 1.875000008E-02, 9.900000542E-01
        67, 1.366085649E-03, 1.889999949E-02, 9.899999797E-01
        68, 1.363014638E-03, 1.904999988E-02, 9.899999946E-01
        69, 1.360510537E-03, 1.920000013E-02, 9.900000244E-01
        70, 1.358509927E-03, 1.934999953E-02, 9.900000393E-01
        71, 1.356984832E-03, 1.949999891E-02, 9.899999946E-01
        72, 1.355897921E-03, 1.964999976E-02, 9.900000095E-01
        73, 1.355212287E-03, 1.979999943E-02, 9.900000244E-01
        74, 1.354912030E-03, 1.994999940E-02, 9.900000244E-01
        75, 1.354971848E-03, 2.009999936E-02, 9.899999797E-01
        76, 1.355375492E-03, 2.024999933E-02, 9.900000244E-01
        77, 1.356100066E-03, 2.039999960E-02, 9.900000095E-01
        78, 1.357139387E-03, 2.054999957E-02, 9.899999946E-01
        79, 1.358476430E-03, 2.069999924E-02, 9.900000244E-01
        80, 1.360097846E-03, 2.084999889E-02, 9.899999946E-01
        81, 1.361996725E-03, 2.099999917E-02, 9.899999946E-01
        82, 1.364156567E-03, 2.114999945E-02, 9.900000095E-01
        83, 1.366573253E-03, 2.129999911E-02, 9.899999946E-01
        84, 1.369238615E-03, 2.144999939E-02, 9.900000095E-01
        85, 1.372150213E-03, 2.159999888E-02, 9.899999946E-01
        86, 1.375290108E-03, 2.174999917E-02, 9.900000244E-01
        87, 1.378658862E-03, 2.189999939E-02, 9.900000133E-01
        88, 1.382249471E-03, 2.204999845E-02, 9.899999574E-01
        89, 1.384908551E-03, 2.215557595E-02, 9.899999499E-01
        90, 1.385909354E-03, 2.219999835E-02, 9.899999844E-01
        91, 1.389452933E-03, 2.234999888E-02, 9.899999909E-01
        92, 1.393218171E-03, 2.249999885E-02, 9.900000058E-01
        93, 1.397202327E-03, 2.264999882E-02, 9.899999872E-01
        94, 1.401396977E-03, 2.279999879E-02, 9.900000244E-01
        95, 1.405808903E-03, 2.294999875E-02, 9.900000244E-01
        96, 1.410429661E-03, 2.309999872E-02, 9.900000095E-01
        97, 1.415256923E-03, 2.324999869E-02, 9.899999946E-01
        98, 1.420288264E-03, 2.339999866E-02, 9.899999797E-01
        99, 1.425522080E-03, 2.354999862E-02, 9.899999797E-01
       100, 1.430955984E-03, 2.369999859E-02, 9.900000095E-01
       101, 1.436584718E-03, 2.384999856E-02, 9.900000393E-01
       102, 1.442408613E-03, 2.399999853E-02, 9.900000095E-01
       103, 1.448428293E-03, 2.414999850E-02, 9.899999797E-01
       104, 1.454625257E-03, 2.429999846E-02, 9.900000393E-01
       105, 1.461028624E-03, 2.444999843E-02, 9.900000095E-01
       106, 1.467610212E-03, 2.459999840E-02, 9.900000095E-01
       107, 1.474371209E-03, 2.474999911E-02, 9.900000393E-01
       108, 1.481316296E-03, 2.489999759E-02, 9.899999797E-01
       109, 1.488438696E-03, 2.504999756E-02, 9.899999797E-01
       110, 1.495743951E-03, 2.519999902E-02, 9.900000095E-01
       111, 1.503214402E-03, 2.534999824E-02, 9.900000393E-01
       112, 1.510872018E-03, 2.549999859E-02, 9.900000393E-01
       113, 1.518696118E-03, 2.564999856E-02, 9.900000244E-01
       114, 1.526696592E-03, 2.579999833E-02, 9.899999946E-01
       115, 1.534873346E-03, 2.594999816E-02, 9.900000058E-01
       116, 1.538876013E-03, 2.602281089E-02, 9.900000095E-01
       117, 1.543478048E-03, 2.609999793E-02, 9.899999760E-01
       118, 1.552565553E-03, 2.624999804E-02, 9.900000244E-01
       119, 1.561879528E-03, 2.639999801E-02, 9.900000095E-01
       120, 1.571420092E-03, 2.654999798E-02, 9.900000095E-01
       121, 1.581179657E-03, 2.669999795E-02, 9.899999797E-01
       122, 1.591166316E-03, 2.684999791E-02, 9.900000095E-01
       123, 1.601356642E-03, 2.699999788E-02, 9.899999797E-01
       124, 1.611774025E-03, 2.714999785E-02, 9.900000095E-01
       125, 1.622402802E-03, 2.729999781E-02, 9.899999797E-01
       126, 1.633250130E-03, 2.744999778E-02, 9.900000095E-01
       127, 1.644313568E-03, 2.759999775E-02, 9.900000393E-01
       128, 1.655584228E-03, 2.774999730E-02, 9.899999946E-01
       129, 1.667073803E-03, 2.789999727E-02, 9.900000095E-01
       130, 1.678758631E-03, 2.804999828E-02, 9.900000393E-01
       131, 1.690659489E-03, 2.819999714E-02, 9.899999667E-01
       132, 1.692836838E-03, 2.822735872E-02, 9.900000244E-01
       133, 1.707079146E-03, 2.834999800E-02, 9.900000393E-01
       134, 1.724772980E-03, 2.849999755E-02, 9.899999946E-01
       135, 1.742832873E-03, 2.864999752E-02, 9.900000095E-01
       136, 1.761253370E-03, 2.879999748E-02, 9.899999797E-01
       137, 1.780018954E-03, 2.894999831E-02, 9.900000393E-01
       138, 1.799146383E-03, 2.909999828E-02, 9.900000095E-01
       139, 1.818630390E-03, 2.924999694E-02, 9.900000244E-01
       140, 1.838510428E-03, 2.939999767E-02, 9.900000244E-01
       141, 1.846662787E-03, 2.945877393E-02, 9.900000393E-01
       142, 1.884030523E-03, 2.954999775E-02, 9.900000244E-01
       143, 1.954921128E-03, 2.969999639E-02, 9.900000095E-01
       144, 2.000000000E-03, 2.977699031E-02, 9.899999797E-01
